62.9974	0.3332	0.0000
102.8549	1.6777	6.0000
75.6042	0.1083	4.0000
155.1544	7.7804	2.0000
246.8719	10.3789	2.0000
78.9825	0.3444	0.0000
65.6204	0.4728	3.0000
67.3416	0.5136	3.0000
67.4423	0.5933	3.0000
77.2339	1.2863	3.0000
59.0515	0.7218	0.0000
54.9042	0.4511	0.0000
63.9679	0.3305	0.0000
61.0199	0.3786	0.0000
49.7177	0.3419	0.0000
44.4489	0.0942	1.0000
45.1355	0.0752	1.0000
38.3698	0.0605	1.0000
51.2512	0.0196	1.0000
265.2924	14.6951	2.0000
81.2439	8.0259	2.0000
115.8783	6.7921	2.0000
99.9527	0.8199	5.0000
124.5529	4.9718	5.0000
92.6468	1.7935	5.0000
96.0205	2.3884	5.0000
83.0750	0.9219	6.0000
98.1445	1.6215	6.0000
70.8618	1.3624	6.0000
65.1993	1.0852	6.0000
73.0774	0.3058	3.0000
53.5355	0.1755	3.0000
50.8530	0.1264	4.0000
45.6894	0.0597	4.0000
60.6491	0.3223	4.0000
60.0586	0.0961	4.0000
81.1707	0.1670	4.0000
48.4543	0.2274	7.0000
69.9280	0.2704	7.0000
54.4830	0.4381	7.0000
45.8267	0.5249	7.0000
57.3853	0.4016	7.0000
