63.0798	64.0000	0.0000
102.7588	108.0000	6.0000
71.2921	16.0000	4.0000
167.8619	418.0000	2.0000
256.7596	349.0000	2.0000
81.0562	116.0000	0.0000
65.2222	11.0000	3.0000
70.2988	14.0000	3.0000
72.0016	17.0000	3.0000
84.5444	15.0000	3.0000
58.9325	51.0000	0.0000
54.8676	64.0000	0.0000
63.9130	62.0000	0.0000
60.9833	64.0000	0.0000
50.3906	83.0000	0.0000
43.7988	18.0000	1.0000
44.9615	33.0000	1.0000
37.8754	16.0000	1.0000
50.7202	7.0000	1.0000
289.2883	568.0000	2.0000
84.9792	420.0000	2.0000
125.3311	473.0000	2.0000
99.9527	103.0000	5.0000
124.5712	99.0000	5.0000
95.4483	82.0000	5.0000
99.9985	76.0000	5.0000
83.0750	122.0000	6.0000
98.7854	134.0000	6.0000
70.8344	52.0000	6.0000
62.6724	27.0000	6.0000
72.2763	33.0000	3.0000
53.3524	22.0000	3.0000
49.0448	20.0000	4.0000
44.8563	13.0000	4.0000
58.3099	24.0000	4.0000
58.3694	25.0000	4.0000
77.4170	20.0000	4.0000
47.0718	18.0000	7.0000
68.7561	23.0000	7.0000
54.6432	24.0000	7.0000
48.0972	21.0000	7.0000
58.0078	19.0000	7.0000
