62.9974	140.2144	0.0000
102.8549	258.2378	6.0000
75.6042	86.2210	4.0000
155.1544	1208.7697	2.0000
246.8719	1306.1470	2.0000
78.9825	323.7408	0.0000
65.6204	72.3823	3.0000
67.3416	135.7168	3.0000
67.4423	153.8124	3.0000
77.2339	168.1380	3.0000
59.0515	94.8048	0.0000
54.9042	129.7308	0.0000
63.9679	180.8423	0.0000
61.0199	145.1508	0.0000
49.7177	304.6019	0.0000
44.4489	49.8814	1.0000
45.1355	52.1853	1.0000
38.3698	26.1960	1.0000
51.2512	51.9968	1.0000
265.2924	2120.9129	2.0000
81.2439	1200.7583	2.0000
115.8783	1371.3951	2.0000
99.9527	189.6050	5.0000
124.5529	616.0780	5.0000
92.6468	419.8487	5.0000
96.0205	404.6825	5.0000
83.0750	308.9774	6.0000
98.1445	340.6822	6.0000
70.8618	249.9766	6.0000
65.1993	192.1455	6.0000
73.0774	56.2973	3.0000
53.5355	46.8970	3.0000
50.8530	28.5231	4.0000
45.6894	25.3762	4.0000
60.6491	40.0837	4.0000
60.0586	30.9763	4.0000
81.1707	45.3168	4.0000
48.4543	59.1274	7.0000
69.9280	80.9270	7.0000
54.4830	95.9672	7.0000
45.8267	93.6823	7.0000
57.3853	67.0975	7.0000
