63.0798	0.3332	0.0000
102.7588	1.6777	6.0000
71.2921	0.1083	4.0000
167.8619	7.7804	2.0000
256.7596	10.3789	2.0000
81.0562	0.3444	0.0000
65.2222	0.4728	3.0000
70.2988	0.5136	3.0000
72.0016	0.5933	3.0000
84.5444	1.2863	3.0000
58.9325	0.7218	0.0000
54.8676	0.4511	0.0000
63.9130	0.3305	0.0000
60.9833	0.3786	0.0000
50.3906	0.3419	0.0000
43.7988	0.0942	1.0000
44.9615	0.0752	1.0000
37.8754	0.0605	1.0000
50.7202	0.0196	1.0000
289.2883	14.6951	2.0000
84.9792	8.0259	2.0000
125.3311	6.7921	2.0000
99.9527	0.8199	5.0000
124.5712	4.9718	5.0000
95.4483	1.7935	5.0000
99.9985	2.3884	5.0000
83.0750	0.9219	6.0000
98.7854	1.6215	6.0000
70.8344	1.3624	6.0000
62.6724	1.0852	6.0000
72.2763	0.3058	3.0000
53.3524	0.1755	3.0000
49.0448	0.1264	4.0000
44.8563	0.0597	4.0000
58.3099	0.3223	4.0000
58.3694	0.0961	4.0000
77.4170	0.1670	4.0000
47.0718	0.2274	7.0000
68.7561	0.2704	7.0000
54.6432	0.4381	7.0000
48.0972	0.5249	7.0000
58.0078	0.4016	7.0000
