41.0431	1.3352	0.0000
351.8875	1.8397	6.0000
127.3361	1.1124	4.0000
74.7345	6.9658	2.0000
268.8309	12.3549	2.0000
67.2409	3.1767	0.0000
43.3548	0.8378	3.0000
84.1415	1.2149	3.0000
149.3134	1.2142	3.0000
92.2806	1.2636	3.0000
403.6789	2.3325	0.0000
36.0535	0.6509	0.0000
38.5391	1.7429	0.0000
39.7247	1.0023	0.0000
49.9237	2.3656	0.0000
72.4136	0.9261	1.0000
68.0832	0.9954	1.0000
169.4229	1.3780	1.0000
114.2303	0.7908	1.0000
121.1700	7.3255	2.0000
47.9919	7.0575	2.0000
172.0139	10.9554	2.0000
112.4313	1.9283	5.0000
160.5927	3.3774	5.0000
99.1241	2.6183	5.0000
101.3077	2.0524	5.0000
507.0374	4.1786	6.0000
231.6238	3.1176	6.0000
159.5810	2.0854	6.0000
100.8636	2.0782	6.0000
172.3526	1.2716	3.0000
115.3015	0.8511	3.0000
84.1827	0.9295	4.0000
283.8776	0.9505	4.0000
204.6066	1.3798	4.0000
84.2010	1.6868	4.0000
314.5248	2.2181	4.0000
80.1315	0.8124	7.0000
90.0101	1.1498	7.0000
233.0200	1.5069	7.0000
118.0847	1.3836	7.0000
105.8350	1.2837	7.0000
