41.0431	53.0000	0.0000
351.8875	108.0000	6.0000
127.3361	16.0000	4.0000
74.7345	417.0000	2.0000
268.8309	348.0000	2.0000
67.2409	99.0000	0.0000
43.3548	10.0000	3.0000
84.1415	14.0000	3.0000
149.3134	17.0000	3.0000
92.2806	14.0000	3.0000
403.6789	52.0000	0.0000
36.0535	53.0000	0.0000
38.5391	46.0000	0.0000
39.7247	59.0000	0.0000
49.9237	72.0000	0.0000
72.4136	18.0000	1.0000
68.0832	29.0000	1.0000
169.4229	16.0000	1.0000
114.2303	6.0000	1.0000
121.1700	567.0000	2.0000
47.9919	419.0000	2.0000
172.0139	471.0000	2.0000
112.4313	103.0000	5.0000
160.5927	99.0000	5.0000
99.1241	82.0000	5.0000
101.3077	76.0000	5.0000
507.0374	122.0000	6.0000
231.6238	134.0000	6.0000
159.5810	51.0000	6.0000
100.8636	27.0000	6.0000
172.3526	33.0000	3.0000
115.3015	22.0000	3.0000
84.1827	20.0000	4.0000
283.8776	13.0000	4.0000
204.6066	23.0000	4.0000
84.2010	25.0000	4.0000
314.5248	20.0000	4.0000
80.1315	18.0000	7.0000
90.0101	23.0000	7.0000
233.0200	24.0000	7.0000
118.0847	21.0000	7.0000
105.8350	19.0000	7.0000
