31.9839	1.3506	0.0000
32.1487	1.7881	6.0000
114.6469	1.1608	4.0000
78.3600	6.6836	2.0000
261.6165	12.3539	2.0000
46.7102	3.1944	0.0000
34.5932	0.4203	3.0000
80.8548	1.2149	3.0000
114.0701	1.0737	3.0000
92.6514	1.4219	3.0000
22.6822	0.7153	0.0000
30.4184	1.7411	0.0000
27.9053	1.0180	0.0000
43.5379	2.4917	0.0000
102.0355	1.2065	1.0000
40.3336	0.9907	1.0000
104.3060	1.3769	1.0000
91.4795	0.7937	1.0000
203.1967	8.4085	2.0000
48.7793	5.6980	2.0000
137.0682	10.9574	2.0000
105.2399	2.5872	5.0000
144.5206	3.1795	5.0000
96.5744	2.8155	5.0000
97.1191	2.1129	5.0000
51.9012	5.3402	6.0000
103.1250	3.2243	6.0000
145.6055	2.1801	6.0000
37.9761	1.8227	6.0000
117.8009	1.4496	3.0000
40.9378	1.2709	3.0000
69.2688	0.9757	4.0000
35.1562	0.9766	4.0000
172.1054	1.3063	4.0000
70.6787	2.3773	4.0000
349.4980	2.2181	4.0000
74.6796	1.2543	7.0000
86.9247	1.1455	7.0000
214.9658	1.5618	7.0000
93.8141	1.3838	7.0000
81.5826	1.2695	7.0000
