31.9839	38.0000	0.0000
32.1487	80.0000	6.0000
114.6469	13.0000	4.0000
78.3600	374.0000	2.0000
261.6165	346.0000	2.0000
46.7102	91.0000	0.0000
34.5932	10.0000	3.0000
80.8548	13.0000	3.0000
114.0701	17.0000	3.0000
92.6514	14.0000	3.0000
22.6822	31.0000	0.0000
30.4184	35.0000	0.0000
27.9053	33.0000	0.0000
43.5379	57.0000	0.0000
102.0355	14.0000	1.0000
40.3336	25.0000	1.0000
104.3060	15.0000	1.0000
91.4795	6.0000	1.0000
203.1967	529.0000	2.0000
48.7793	381.0000	2.0000
137.0682	430.0000	2.0000
105.2399	71.0000	5.0000
144.5206	83.0000	5.0000
96.5744	51.0000	5.0000
97.1191	48.0000	5.0000
51.9012	104.0000	6.0000
103.1250	101.0000	6.0000
145.6055	47.0000	6.0000
37.9761	23.0000	6.0000
117.8009	32.0000	3.0000
40.9378	17.0000	3.0000
69.2688	19.0000	4.0000
35.1562	12.0000	4.0000
172.1054	21.0000	4.0000
70.6787	20.0000	4.0000
349.4980	18.0000	4.0000
74.6796	16.0000	7.0000
86.9247	21.0000	7.0000
214.9658	22.0000	7.0000
93.8141	21.0000	7.0000
81.5826	18.0000	7.0000
